$ 1 0.000005 10.20027730826997 50 5 43 5e-11
L -128 64 -208 64 0 0 false 5 0
L -128 128 -208 128 0 0 false 5 0
L -128 192 -208 192 0 0 false 5 0
x -223 49 -158 52 4 24 direita
x -224 112 -124 115 4 24 esquerda
x -220 174 -159 177 4 24 frente
M 368 64 432 64 0 2.5
M 368 128 432 128 0 2.5
M 368 192 432 192 0 2.5
x 371 42 405 45 4 24 CD
x 377 114 410 117 4 24 CE
x 380 178 411 181 4 24 CF
I 256 192 368 192 0 0.5 5
w 256 192 -128 192 0
150 288 128 368 128 0 2 0 5
w 208 112 288 112 0
I 240 144 288 144 0 0.5 5
w 160 128 160 144 0
w 160 144 240 144 0
w -128 128 -64 128 0
w -64 128 160 128 0
w -128 64 -128 96 0
w -128 96 208 96 0
w 208 96 208 112 0
w -64 128 -64 32 0
w -64 32 -32 32 0
152 -32 16 16 16 0 2 0 5
w -128 192 -128 160 0
w -128 160 -80 160 0
w -80 160 -80 0 0
w -80 0 -32 0 0
w 16 16 80 16 0
150 80 32 176 32 0 2 0 5
I -128 64 0 64 0 0.5 5
w 0 64 64 64 0
w 64 64 64 48 0
w 64 48 80 48 0
152 192 16 272 16 0 2 0 5
w 176 32 192 32 0
150 -32 -64 32 -64 0 2 0 5
w -80 0 -80 -80 0
w -80 -80 -32 -80 0
w -64 32 -64 -48 0
w -64 -48 -32 -48 0
w 32 -64 176 -64 0
w 176 -64 176 0 0
w 176 0 192 0 0
w 272 16 336 16 0
w 336 16 336 64 0
w 336 64 368 64 0
