$ 1 0.000005 10.20027730826997 50 5 50 5e-11
L 80 160 16 160 0 1 false 5 0
L 80 208 16 208 0 0 false 5 0
L 80 256 16 256 0 0 false 5 0
x 14 192 79 195 4 24 direita
x 16 239 77 242 4 24 frente
M 560 160 624 160 0 2.5
M 560 208 624 208 0 2.5
M 560 256 624 256 0 2.5
x 572 142 605 145 4 24 CE
x 571 194 605 197 4 24 CD
x 570 242 601 245 4 24 CF
x 6 145 106 148 4 24 esquerda
w 80 160 176 160 0
w 80 208 176 208 0
I 176 208 240 208 0 0.5 5
152 240 192 320 192 0 2 5 5
w 176 160 240 160 0
w 240 160 240 176 0
w 320 192 352 192 0
150 352 208 448 208 0 2 0 5
w 320 256 320 224 0
w 320 224 336 224 0
w 336 224 352 224 0
w 448 208 560 208 0
w 320 256 448 256 0
I 448 256 560 256 0 0.5 5
w 80 208 80 96 0
150 432 144 480 144 0 2 0 5
w 480 144 512 144 0
w 512 144 512 160 0
w 512 160 560 160 0
w 176 160 176 144 0
w 176 144 304 144 0
I 304 144 368 144 0 0.5 5
w 368 144 368 160 0
w 368 160 432 160 0
w 400 96 400 128 0
w 400 128 432 128 0
w 80 256 128 256 0
w 128 256 320 256 0
w 128 256 128 48 0
150 176 64 288 64 0 2 0 5
w 128 48 176 48 0
w 80 96 80 80 0
w 80 80 176 80 0
w 288 64 288 96 0
w 288 96 400 96 0
